16	0.1	r
-0.1745	0	-0.1745	0	-0.1745	0	-0.1745	0	-0.1745	0	-0.1745	0	-0.1745	0	-0.1745	0
-0.141184	-0.102567	-0.141184	-0.102567	-0.141184	-0.102567	-0.141184	-0.102567	-0.141184	-0.102567	-0.141184	-0.102567	-0.141184	-0.102567	-0.141184	-0.102567
-0.0539423	-0.165958	-0.0539423	-0.165958	-0.0539423	-0.165958	-0.0539423	-0.165958	-0.0539423	-0.165958	-0.0539423	-0.165958	-0.0539423	-0.165958	-0.0539423	-0.165958
0.0539032	-0.165961	0.0539032	-0.165961	0.0539032	-0.165961	0.0539032	-0.165961	0.0539032	-0.165961	0.0539032	-0.165961	0.0539032	-0.165961	0.0539032	-0.165961
0.14116	-0.102573	0.14116	-0.102573	0.14116	-0.102573	0.14116	-0.102573	0.14116	-0.102573	0.14116	-0.102573	0.14116	-0.102573	0.14116	-0.102573
0.1745	-7.44305e-06	0.1745	-7.44305e-06	0.1745	-7.44305e-06	0.1745	-7.44305e-06	0.1745	-7.44305e-06	0.1745	-7.44305e-06	0.1745	-7.44305e-06	0.1745	-7.44305e-06
0.141189	0.102561	0.141189	0.102561	0.141189	0.102561	0.141189	0.102561	0.141189	0.102561	0.141189	0.102561	0.141189	0.102561	0.141189	0.102561
0.0539494	0.165956	0.0539494	0.165956	0.0539494	0.165956	0.0539494	0.165956	0.0539494	0.165956	0.0539494	0.165956	0.0539494	0.165956	0.0539494	0.165956
-0.0538962	0.165963	-0.0538962	0.165963	-0.0538962	0.165963	-0.0538962	0.165963	-0.0538962	0.165963	-0.0538962	0.165963	-0.0538962	0.165963	-0.0538962	0.165963
-0.141156	0.102579	-0.141156	0.102579	-0.141156	0.102579	-0.141156	0.102579	-0.141156	0.102579	-0.141156	0.102579	-0.141156	0.102579	-0.141156	0.102579
-0.1745	1.48861e-05	-0.1745	1.48861e-05	-0.1745	1.48861e-05	-0.1745	1.48861e-05	-0.1745	1.48861e-05	-0.1745	1.48861e-05	-0.1745	1.48861e-05	-0.1745	1.48861e-05
-0.141193	-0.102555	-0.141193	-0.102555	-0.141193	-0.102555	-0.141193	-0.102555	-0.141193	-0.102555	-0.141193	-0.102555	-0.141193	-0.102555	-0.141193	-0.102555
-0.0539564	-0.165954	-0.0539564	-0.165954	-0.0539564	-0.165954	-0.0539564	-0.165954	-0.0539564	-0.165954	-0.0539564	-0.165954	-0.0539564	-0.165954	-0.0539564	-0.165954
0.0538891	-0.165965	0.0538891	-0.165965	0.0538891	-0.165965	0.0538891	-0.165965	0.0538891	-0.165965	0.0538891	-0.165965	0.0538891	-0.165965	0.0538891	-0.165965
0.141151	-0.102585	0.141151	-0.102585	0.141151	-0.102585	0.141151	-0.102585	0.141151	-0.102585	0.141151	-0.102585	0.141151	-0.102585	0.141151	-0.102585
0.1745	-2.23292e-05	0.1745	-2.23292e-05	0.1745	-2.23292e-05	0.1745	-2.23292e-05	0.1745	-2.23292e-05	0.1745	-2.23292e-05	0.1745	-2.23292e-05	0.1745	-2.23292e-05
0.141197	0.102549	0.141197	0.102549	0.141197	0.102549	0.141197	0.102549	0.141197	0.102549	0.141197	0.102549	0.141197	0.102549	0.141197	0.102549
0.0539635	0.165952	0.0539635	0.165952	0.0539635	0.165952	0.0539635	0.165952	0.0539635	0.165952	0.0539635	0.165952	0.0539635	0.165952	0.0539635	0.165952
-0.053882	0.165968	-0.053882	0.165968	-0.053882	0.165968	-0.053882	0.165968	-0.053882	0.165968	-0.053882	0.165968	-0.053882	0.165968	-0.053882	0.165968
-0.141147	0.102591	-0.141147	0.102591	-0.141147	0.102591	-0.141147	0.102591	-0.141147	0.102591	-0.141147	0.102591	-0.141147	0.102591	-0.141147	0.102591
-0.1745	2.97722e-05	-0.1745	2.97722e-05	-0.1745	2.97722e-05	-0.1745	2.97722e-05	-0.1745	2.97722e-05	-0.1745	2.97722e-05	-0.1745	2.97722e-05	-0.1745	2.97722e-05
-0.141202	-0.102543	-0.141202	-0.102543	-0.141202	-0.102543	-0.141202	-0.102543	-0.141202	-0.102543	-0.141202	-0.102543	-0.141202	-0.102543	-0.141202	-0.102543
-0.0539706	-0.165949	-0.0539706	-0.165949	-0.0539706	-0.165949	-0.0539706	-0.165949	-0.0539706	-0.165949	-0.0539706	-0.165949	-0.0539706	-0.165949	-0.0539706	-0.165949
0.0538749	-0.16597	0.0538749	-0.16597	0.0538749	-0.16597	0.0538749	-0.16597	0.0538749	-0.16597	0.0538749	-0.16597	0.0538749	-0.16597	0.0538749	-0.16597
0.141143	-0.102597	0.141143	-0.102597	0.141143	-0.102597	0.141143	-0.102597	0.141143	-0.102597	0.141143	-0.102597	0.141143	-0.102597	0.141143	-0.102597
0.1745	-3.72153e-05	0.1745	-3.72153e-05	0.1745	-3.72153e-05	0.1745	-3.72153e-05	0.1745	-3.72153e-05	0.1745	-3.72153e-05	0.1745	-3.72153e-05	0.1745	-3.72153e-05
0.141206	0.102537	0.141206	0.102537	0.141206	0.102537	0.141206	0.102537	0.141206	0.102537	0.141206	0.102537	0.141206	0.102537	0.141206	0.102537
0.0539777	0.165947	0.0539777	0.165947	0.0539777	0.165947	0.0539777	0.165947	0.0539777	0.165947	0.0539777	0.165947	0.0539777	0.165947	0.0539777	0.165947
-0.0538678	0.165972	-0.0538678	0.165972	-0.0538678	0.165972	-0.0538678	0.165972	-0.0538678	0.165972	-0.0538678	0.165972	-0.0538678	0.165972	-0.0538678	0.165972
-0.141138	0.102603	-0.141138	0.102603	-0.141138	0.102603	-0.141138	0.102603	-0.141138	0.102603	-0.141138	0.102603	-0.141138	0.102603	-0.141138	0.102603
-0.1745	4.46583e-05	-0.1745	4.46583e-05	-0.1745	4.46583e-05	-0.1745	4.46583e-05	-0.1745	4.46583e-05	-0.1745	4.46583e-05	-0.1745	4.46583e-05	-0.1745	4.46583e-05
-0.14121	-0.102531	-0.14121	-0.102531	-0.14121	-0.102531	-0.14121	-0.102531	-0.14121	-0.102531	-0.14121	-0.102531	-0.14121	-0.102531	-0.14121	-0.102531
-0.0539848	-0.165945	-0.0539848	-0.165945	-0.0539848	-0.165945	-0.0539848	-0.165945	-0.0539848	-0.165945	-0.0539848	-0.165945	-0.0539848	-0.165945	-0.0539848	-0.165945
0.0538608	-0.165975	0.0538608	-0.165975	0.0538608	-0.165975	0.0538608	-0.165975	0.0538608	-0.165975	0.0538608	-0.165975	0.0538608	-0.165975	0.0538608	-0.165975
0.141134	-0.102609	0.141134	-0.102609	0.141134	-0.102609	0.141134	-0.102609	0.141134	-0.102609	0.141134	-0.102609	0.141134	-0.102609	0.141134	-0.102609
0.1745	-5.21014e-05	0.1745	-5.21014e-05	0.1745	-5.21014e-05	0.1745	-5.21014e-05	0.1745	-5.21014e-05	0.1745	-5.21014e-05	0.1745	-5.21014e-05	0.1745	-5.21014e-05
0.141215	0.102525	0.141215	0.102525	0.141215	0.102525	0.141215	0.102525	0.141215	0.102525	0.141215	0.102525	0.141215	0.102525	0.141215	0.102525
0.0539918	0.165942	0.0539918	0.165942	0.0539918	0.165942	0.0539918	0.165942	0.0539918	0.165942	0.0539918	0.165942	0.0539918	0.165942	0.0539918	0.165942
-0.0538537	0.165977	-0.0538537	0.165977	-0.0538537	0.165977	-0.0538537	0.165977	-0.0538537	0.165977	-0.0538537	0.165977	-0.0538537	0.165977	-0.0538537	0.165977
-0.141129	0.102615	-0.141129	0.102615	-0.141129	0.102615	-0.141129	0.102615	-0.141129	0.102615	-0.141129	0.102615	-0.141129	0.102615	-0.141129	0.102615
-0.141129	0.102615	-0.141129	0.102615	-0.141129	0.102615	-0.141129	0.102615	-0.141129	0.102615	-0.141129	0.102615	-0.141129	0.102615	-0.141129	0.102615
-0.141129	0.102615	-0.141129	0.102615	-0.141129	0.102615	-0.141129	0.102615	-0.141129	0.102615	-0.141129	0.102615	-0.141129	0.102615	-0.141129	0.102615
-0.141129	0.102615	-0.141129	0.102615	-0.141129	0.102615	-0.141129	0.102615	-0.141129	0.102615	-0.141129	0.102615	-0.141129	0.102615	-0.141129	0.102615
-0.141129	0.102615	-0.141129	0.102615	-0.141129	0.102615	-0.141129	0.102615	-0.141129	0.102615	-0.141129	0.102615	-0.141129	0.102615	-0.141129	0.102615
-0.141129	0.102615	-0.141129	0.102615	-0.141129	0.102615	-0.141129	0.102615	-0.141129	0.102615	-0.141129	0.102615	-0.141129	0.102615	-0.141129	0.102615
-0.141129	0.102615	-0.141129	0.102615	-0.141129	0.102615	-0.141129	0.102615	-0.141129	0.102615	-0.141129	0.102615	-0.141129	0.102615	-0.141129	0.102615
-0.141129	0.102615	-0.141129	0.102615	-0.141129	0.102615	-0.141129	0.102615	-0.141129	0.102615	-0.141129	0.102615	-0.141129	0.102615	-0.141129	0.102615
-0.141129	0.102615	-0.141129	0.102615	-0.141129	0.102615	-0.141129	0.102615	-0.141129	0.102615	-0.141129	0.102615	-0.141129	0.102615	-0.141129	0.102615
-0.141129	0.102615	-0.141129	0.102615	-0.141129	0.102615	-0.141129	0.102615	-0.141129	0.102615	-0.141129	0.102615	-0.141129	0.102615	-0.141129	0.102615
-0.141129	0.102615	-0.141129	0.102615	-0.141129	0.102615	-0.141129	0.102615	-0.141129	0.102615	-0.141129	0.102615	-0.141129	0.102615	-0.141129	0.102615
-0.1745	0	-0.1745	0	-0.1745	0	-0.1745	0	-0.1745	0	-0.1745	0	-0.1745	0	-0.1745	0
-0.141164	0.102567	-0.141164	0.102567	-0.141164	0.102567	-0.141164	0.102567	-0.141164	0.102567	-0.141164	0.102567	-0.141164	0.102567	-0.141164	0.102567
-0.0539103	0.165958	-0.0539103	0.165958	-0.0539103	0.165958	-0.0539103	0.165958	-0.0539103	0.165958	-0.0539103	0.165958	-0.0539103	0.165958	-0.0539103	0.165958
0.0539352	0.165961	0.0539352	0.165961	0.0539352	0.165961	0.0539352	0.165961	0.0539352	0.165961	0.0539352	0.165961	0.0539352	0.165961	0.0539352	0.165961
0.14118	0.102573	0.14118	0.102573	0.14118	0.102573	0.14118	0.102573	0.14118	0.102573	0.14118	0.102573	0.14118	0.102573	0.14118	0.102573
0.1745	7.44305e-06	0.1745	7.44305e-06	0.1745	7.44305e-06	0.1745	7.44305e-06	0.1745	7.44305e-06	0.1745	7.44305e-06	0.1745	7.44305e-06	0.1745	7.44305e-06
0.141169	-0.102561	0.141169	-0.102561	0.141169	-0.102561	0.141169	-0.102561	0.141169	-0.102561	0.141169	-0.102561	0.141169	-0.102561	0.141169	-0.102561
0.0539174	-0.165956	0.0539174	-0.165956	0.0539174	-0.165956	0.0539174	-0.165956	0.0539174	-0.165956	0.0539174	-0.165956	0.0539174	-0.165956	0.0539174	-0.165956
-0.0539281	-0.165963	-0.0539281	-0.165963	-0.0539281	-0.165963	-0.0539281	-0.165963	-0.0539281	-0.165963	-0.0539281	-0.165963	-0.0539281	-0.165963	-0.0539281	-0.165963
-0.141175	-0.102579	-0.141175	-0.102579	-0.141175	-0.102579	-0.141175	-0.102579	-0.141175	-0.102579	-0.141175	-0.102579	-0.141175	-0.102579	-0.141175	-0.102579
-0.1745	-1.48861e-05	-0.1745	-1.48861e-05	-0.1745	-1.48861e-05	-0.1745	-1.48861e-05	-0.1745	-1.48861e-05	-0.1745	-1.48861e-05	-0.1745	-1.48861e-05	-0.1745	-1.48861e-05
-0.141173	0.102555	-0.141173	0.102555	-0.141173	0.102555	-0.141173	0.102555	-0.141173	0.102555	-0.141173	0.102555	-0.141173	0.102555	-0.141173	0.102555
-0.0539245	0.165954	-0.0539245	0.165954	-0.0539245	0.165954	-0.0539245	0.165954	-0.0539245	0.165954	-0.0539245	0.165954	-0.0539245	0.165954	-0.0539245	0.165954
0.053921	0.165965	0.053921	0.165965	0.053921	0.165965	0.053921	0.165965	0.053921	0.165965	0.053921	0.165965	0.053921	0.165965	0.053921	0.165965
0.141171	0.102585	0.141171	0.102585	0.141171	0.102585	0.141171	0.102585	0.141171	0.102585	0.141171	0.102585	0.141171	0.102585	0.141171	0.102585
0.1745	2.23292e-05	0.1745	2.23292e-05	0.1745	2.23292e-05	0.1745	2.23292e-05	0.1745	2.23292e-05	0.1745	2.23292e-05	0.1745	2.23292e-05	0.1745	2.23292e-05
0.141178	-0.102549	0.141178	-0.102549	0.141178	-0.102549	0.141178	-0.102549	0.141178	-0.102549	0.141178	-0.102549	0.141178	-0.102549	0.141178	-0.102549
0.0539315	-0.165952	0.0539315	-0.165952	0.0539315	-0.165952	0.0539315	-0.165952	0.0539315	-0.165952	0.0539315	-0.165952	0.0539315	-0.165952	0.0539315	-0.165952
-0.053914	-0.165968	-0.053914	-0.165968	-0.053914	-0.165968	-0.053914	-0.165968	-0.053914	-0.165968	-0.053914	-0.165968	-0.053914	-0.165968	-0.053914	-0.165968
-0.141167	-0.102591	-0.141167	-0.102591	-0.141167	-0.102591	-0.141167	-0.102591	-0.141167	-0.102591	-0.141167	-0.102591	-0.141167	-0.102591	-0.141167	-0.102591
-0.1745	-2.97722e-05	-0.1745	-2.97722e-05	-0.1745	-2.97722e-05	-0.1745	-2.97722e-05	-0.1745	-2.97722e-05	-0.1745	-2.97722e-05	-0.1745	-2.97722e-05	-0.1745	-2.97722e-05
-0.141182	0.102543	-0.141182	0.102543	-0.141182	0.102543	-0.141182	0.102543	-0.141182	0.102543	-0.141182	0.102543	-0.141182	0.102543	-0.141182	0.102543
-0.0539386	0.165949	-0.0539386	0.165949	-0.0539386	0.165949	-0.0539386	0.165949	-0.0539386	0.165949	-0.0539386	0.165949	-0.0539386	0.165949	-0.0539386	0.165949
0.0539069	0.16597	0.0539069	0.16597	0.0539069	0.16597	0.0539069	0.16597	0.0539069	0.16597	0.0539069	0.16597	0.0539069	0.16597	0.0539069	0.16597
0.141162	0.102597	0.141162	0.102597	0.141162	0.102597	0.141162	0.102597	0.141162	0.102597	0.141162	0.102597	0.141162	0.102597	0.141162	0.102597
0.1745	3.72153e-05	0.1745	3.72153e-05	0.1745	3.72153e-05	0.1745	3.72153e-05	0.1745	3.72153e-05	0.1745	3.72153e-05	0.1745	3.72153e-05	0.1745	3.72153e-05
0.141186	-0.102537	0.141186	-0.102537	0.141186	-0.102537	0.141186	-0.102537	0.141186	-0.102537	0.141186	-0.102537	0.141186	-0.102537	0.141186	-0.102537
0.0539457	-0.165947	0.0539457	-0.165947	0.0539457	-0.165947	0.0539457	-0.165947	0.0539457	-0.165947	0.0539457	-0.165947	0.0539457	-0.165947	0.0539457	-0.165947
-0.0538998	-0.165972	-0.0538998	-0.165972	-0.0538998	-0.165972	-0.0538998	-0.165972	-0.0538998	-0.165972	-0.0538998	-0.165972	-0.0538998	-0.165972	-0.0538998	-0.165972
-0.141158	-0.102603	-0.141158	-0.102603	-0.141158	-0.102603	-0.141158	-0.102603	-0.141158	-0.102603	-0.141158	-0.102603	-0.141158	-0.102603	-0.141158	-0.102603
-0.1745	-4.46583e-05	-0.1745	-4.46583e-05	-0.1745	-4.46583e-05	-0.1745	-4.46583e-05	-0.1745	-4.46583e-05	-0.1745	-4.46583e-05	-0.1745	-4.46583e-05	-0.1745	-4.46583e-05
-0.141191	0.102531	-0.141191	0.102531	-0.141191	0.102531	-0.141191	0.102531	-0.141191	0.102531	-0.141191	0.102531	-0.141191	0.102531	-0.141191	0.102531
-0.0539528	0.165945	-0.0539528	0.165945	-0.0539528	0.165945	-0.0539528	0.165945	-0.0539528	0.165945	-0.0539528	0.165945	-0.0539528	0.165945	-0.0539528	0.165945
0.0538927	0.165975	0.0538927	0.165975	0.0538927	0.165975	0.0538927	0.165975	0.0538927	0.165975	0.0538927	0.165975	0.0538927	0.165975	0.0538927	0.165975
0.141154	0.102609	0.141154	0.102609	0.141154	0.102609	0.141154	0.102609	0.141154	0.102609	0.141154	0.102609	0.141154	0.102609	0.141154	0.102609
0.1745	5.21014e-05	0.1745	5.21014e-05	0.1745	5.21014e-05	0.1745	5.21014e-05	0.1745	5.21014e-05	0.1745	5.21014e-05	0.1745	5.21014e-05	0.1745	5.21014e-05
0.141195	-0.102525	0.141195	-0.102525	0.141195	-0.102525	0.141195	-0.102525	0.141195	-0.102525	0.141195	-0.102525	0.141195	-0.102525	0.141195	-0.102525
0.0539599	-0.165942	0.0539599	-0.165942	0.0539599	-0.165942	0.0539599	-0.165942	0.0539599	-0.165942	0.0539599	-0.165942	0.0539599	-0.165942	0.0539599	-0.165942
-0.0538857	-0.165977	-0.0538857	-0.165977	-0.0538857	-0.165977	-0.0538857	-0.165977	-0.0538857	-0.165977	-0.0538857	-0.165977	-0.0538857	-0.165977	-0.0538857	-0.165977
-0.141149	-0.102615	-0.141149	-0.102615	-0.141149	-0.102615	-0.141149	-0.102615	-0.141149	-0.102615	-0.141149	-0.102615	-0.141149	-0.102615	-0.141149	-0.102615
-0.141149	-0.102615	-0.141149	-0.102615	-0.141149	-0.102615	-0.141149	-0.102615	-0.141149	-0.102615	-0.141149	-0.102615	-0.141149	-0.102615	-0.141149	-0.102615
-0.141149	-0.102615	-0.141149	-0.102615	-0.141149	-0.102615	-0.141149	-0.102615	-0.141149	-0.102615	-0.141149	-0.102615	-0.141149	-0.102615	-0.141149	-0.102615
-0.141149	-0.102615	-0.141149	-0.102615	-0.141149	-0.102615	-0.141149	-0.102615	-0.141149	-0.102615	-0.141149	-0.102615	-0.141149	-0.102615	-0.141149	-0.102615
-0.141149	-0.102615	-0.141149	-0.102615	-0.141149	-0.102615	-0.141149	-0.102615	-0.141149	-0.102615	-0.141149	-0.102615	-0.141149	-0.102615	-0.141149	-0.102615
-0.141149	-0.102615	-0.141149	-0.102615	-0.141149	-0.102615	-0.141149	-0.102615	-0.141149	-0.102615	-0.141149	-0.102615	-0.141149	-0.102615	-0.141149	-0.102615
-0.141149	-0.102615	-0.141149	-0.102615	-0.141149	-0.102615	-0.141149	-0.102615	-0.141149	-0.102615	-0.141149	-0.102615	-0.141149	-0.102615	-0.141149	-0.102615
-0.141149	-0.102615	-0.141149	-0.102615	-0.141149	-0.102615	-0.141149	-0.102615	-0.141149	-0.102615	-0.141149	-0.102615	-0.141149	-0.102615	-0.141149	-0.102615
-0.141149	-0.102615	-0.141149	-0.102615	-0.141149	-0.102615	-0.141149	-0.102615	-0.141149	-0.102615	-0.141149	-0.102615	-0.141149	-0.102615	-0.141149	-0.102615
-0.141149	-0.102615	-0.141149	-0.102615	-0.141149	-0.102615	-0.141149	-0.102615	-0.141149	-0.102615	-0.141149	-0.102615	-0.141149	-0.102615	-0.141149	-0.102615
-0.141149	-0.102615	-0.141149	-0.102615	-0.141149	-0.102615	-0.141149	-0.102615	-0.141149	-0.102615	-0.141149	-0.102615	-0.141149	-0.102615	-0.141149	-0.102615
