4	0.1	r
0.45345	0.1745	7.69316e-06	0.1745
0.212964	0.1745	0.307771	0.1745
-0.108867	0.1745	0.497976	0.1745
-0.389114	0.1745	0.49797	0.1745
-0.520732	0.1745	0.307756	0.1745
-0.453448	0.1745	-1.15397e-05	0.1745
-0.212961	0.1745	-0.307774	0.1745
0.10887	0.1745	-0.497977	0.1745
0.389116	0.1745	-0.497969	0.1745
0.520733	0.1745	-0.307753	0.1745
0.453446	0.1745	1.53863e-05	0.1745
0.212957	0.1745	0.307777	0.1745
-0.108874	0.1745	0.497978	0.1745
-0.389119	0.1745	0.497968	0.1745
-0.520733	0.1745	0.307749	0.1745
-0.453444	0.1745	-1.92329e-05	0.1745
-0.212954	0.1745	-0.307781	0.1745
0.108878	0.1745	-0.49798	0.1745
0.389122	0.1745	-0.497967	0.1745
0.520733	0.1745	-0.307746	0.1745
0.453442	0.1745	2.30795e-05	0.1745
0.21295	0.1745	0.307784	0.1745
-0.108882	0.1745	0.497981	0.1745
-0.389124	0.1745	0.497965	0.1745
-0.520734	0.1745	0.307743	0.1745
-0.45344	0.1745	-2.69261e-05	0.1745
-0.212947	0.1745	-0.307787	0.1745
0.108885	0.1745	-0.497982	0.1745
0.389127	0.1745	-0.497964	0.1745
0.520734	0.1745	-0.30774	0.1745
0.453438	0.1745	3.07726e-05	0.1745
0.212943	0.1745	0.30779	0.1745
-0.108889	0.1745	0.497983	0.1745
-0.389129	0.1745	0.497963	0.1745
-0.520735	0.1745	0.307737	0.1745
-0.453436	0.1745	-3.46192e-05	0.1745
-0.21294	0.1745	-0.307793	0.1745
0.108893	0.1745	-0.497984	0.1745
0.389132	0.1745	-0.497962	0.1745
0.520735	0.1745	-0.307734	0.1745
0.520735	0.1745	-0.307734	0.1745
0.520735	0.1745	-0.307734	0.1745
0.520735	0.1745	-0.307734	0.1745
0.520735	0.1745	-0.307734	0.1745
0.520735	0.1745	-0.307734	0.1745
0.520735	0.1745	-0.307734	0.1745
0.520735	0.1745	-0.307734	0.1745
0.520735	0.1745	-0.307734	0.1745
0.520735	0.1745	-0.307734	0.1745
0.520735	0.1745	-0.307734	0.1745
0.45345	0.1745	7.69316e-06	0.1745
0.520732	0.1745	-0.307759	0.1745
0.389111	0.1745	-0.497971	0.1745
0.108863	0.1745	-0.497975	0.1745
-0.212968	0.1745	-0.307768	0.1745
-0.453452	0.1745	-3.84658e-06	0.1745
-0.520731	0.1745	0.307762	0.1745
-0.389109	0.1745	0.497972	0.1745
-0.108859	0.1745	0.497974	0.1745
0.212971	0.1745	0.307765	0.1745
0.453453	0.1745	-9.99131e-17	0.1745
0.520731	0.1745	-0.307765	0.1745
0.389106	0.1745	-0.497974	0.1745
0.108855	0.1745	-0.497972	0.1745
-0.212975	0.1745	-0.307762	0.1745
-0.453455	0.1745	3.84658e-06	0.1745
-0.520731	0.1745	0.307768	0.1745
-0.389104	0.1745	0.497975	0.1745
-0.108852	0.1745	0.497971	0.1745
0.212978	0.1745	0.307759	0.1745
0.453457	0.1745	-7.69316e-06	0.1745
0.52073	0.1745	-0.307771	0.1745
0.389101	0.1745	-0.497976	0.1745
0.108848	0.1745	-0.49797	0.1745
-0.212982	0.1745	-0.307756	0.1745
-0.453459	0.1745	1.15397e-05	0.1745
-0.52073	0.1745	0.307774	0.1745
-0.389098	0.1745	0.497977	0.1745
-0.108844	0.1745	0.497969	0.1745
0.212985	0.1745	0.307753	0.1745
0.453461	0.1745	-1.53863e-05	0.1745
0.520729	0.1745	-0.307777	0.1745
0.389096	0.1745	-0.497978	0.1745
0.10884	0.1745	-0.497968	0.1745
-0.212989	0.1745	-0.307749	0.1745
-0.453463	0.1745	1.92329e-05	0.1745
-0.520729	0.1745	0.307781	0.1745
-0.389093	0.1745	0.49798	0.1745
-0.108836	0.1745	0.497967	0.1745
0.212992	0.1745	0.307746	0.1745
0.212992	0.1745	0.307746	0.1745
0.212992	0.1745	0.307746	0.1745
0.212992	0.1745	0.307746	0.1745
0.212992	0.1745	0.307746	0.1745
0.212992	0.1745	0.307746	0.1745
0.212992	0.1745	0.307746	0.1745
0.212992	0.1745	0.307746	0.1745
0.212992	0.1745	0.307746	0.1745
0.212992	0.1745	0.307746	0.1745
0.212992	0.1745	0.307746	0.1745
