16	0.1	r
0.45345	0.1745	7.69316e-06	0.1745	-0.453457	0.1745	0.453442	0.1745	2.30795e-05	0.1745	-0.453465	0.1745	0.453434	0.1745	3.84658e-05	0.1745
0.212964	0.1745	0.307771	0.1745	-0.52073	0.1745	0.21295	0.1745	0.307784	0.1745	-0.520729	0.1745	0.212936	0.1745	0.307796	0.1745
-0.108867	0.1745	0.497976	0.1745	-0.389101	0.1745	-0.108882	0.1745	0.497981	0.1745	-0.389091	0.1745	-0.108897	0.1745	0.497986	0.1745
-0.389114	0.1745	0.49797	0.1745	-0.108848	0.1745	-0.389124	0.1745	0.497965	0.1745	-0.108833	0.1745	-0.389134	0.1745	0.497961	0.1745
-0.520732	0.1745	0.307756	0.1745	0.212982	0.1745	-0.520734	0.1745	0.307743	0.1745	0.212996	0.1745	-0.520735	0.1745	0.307731	0.1745
-0.453448	0.1745	-1.15397e-05	0.1745	0.453459	0.1745	-0.45344	0.1745	-2.69261e-05	0.1745	0.453467	0.1745	-0.453432	0.1745	-4.23124e-05	0.1745
-0.212961	0.1745	-0.307774	0.1745	0.52073	0.1745	-0.212947	0.1745	-0.307787	0.1745	0.520728	0.1745	-0.212933	0.1745	-0.307799	0.1745
0.10887	0.1745	-0.497977	0.1745	0.389098	0.1745	0.108885	0.1745	-0.497982	0.1745	0.389088	0.1745	0.1089	0.1745	-0.497987	0.1745
0.389116	0.1745	-0.497969	0.1745	0.108844	0.1745	0.389127	0.1745	-0.497964	0.1745	0.108829	0.1745	0.389137	0.1745	-0.497959	0.1745
0.520733	0.1745	-0.307753	0.1745	-0.212985	0.1745	0.520734	0.1745	-0.30774	0.1745	-0.212999	0.1745	0.520736	0.1745	-0.307728	0.1745
0.453446	0.1745	1.53863e-05	0.1745	-0.453461	0.1745	0.453438	0.1745	3.07726e-05	0.1745	-0.453469	0.1745	0.45343	0.1745	4.6159e-05	0.1745
0.212957	0.1745	0.307777	0.1745	-0.520729	0.1745	0.212943	0.1745	0.30779	0.1745	-0.520728	0.1745	0.212929	0.1745	0.307802	0.1745
-0.108874	0.1745	0.497978	0.1745	-0.389096	0.1745	-0.108889	0.1745	0.497983	0.1745	-0.389086	0.1745	-0.108904	0.1745	0.497988	0.1745
-0.389119	0.1745	0.497968	0.1745	-0.10884	0.1745	-0.389129	0.1745	0.497963	0.1745	-0.108825	0.1745	-0.38914	0.1745	0.497958	0.1745
-0.520733	0.1745	0.307749	0.1745	0.212989	0.1745	-0.520735	0.1745	0.307737	0.1745	0.213003	0.1745	-0.520736	0.1745	0.307725	0.1745
-0.453444	0.1745	-1.92329e-05	0.1745	0.453463	0.1745	-0.453436	0.1745	-3.46192e-05	0.1745	0.453471	0.1745	-0.453428	0.1745	-5.00055e-05	0.1745
-0.212954	0.1745	-0.307781	0.1745	0.520729	0.1745	-0.21294	0.1745	-0.307793	0.1745	0.520727	0.1745	-0.212926	0.1745	-0.307805	0.1745
0.108878	0.1745	-0.49798	0.1745	0.389093	0.1745	0.108893	0.1745	-0.497984	0.1745	0.389083	0.1745	0.108908	0.1745	-0.497989	0.1745
0.389122	0.1745	-0.497967	0.1745	0.108836	0.1745	0.389132	0.1745	-0.497962	0.1745	0.108821	0.1745	0.389142	0.1745	-0.497957	0.1745
0.520733	0.1745	-0.307746	0.1745	-0.212992	0.1745	0.520735	0.1745	-0.307734	0.1745	-0.213006	0.1745	0.520737	0.1745	-0.307721	0.1745
0.453442	0.1745	2.30795e-05	0.1745	-0.453465	0.1745	0.453434	0.1745	3.84658e-05	0.1745	-0.453473	0.1745	0.453427	0.1745	5.38521e-05	0.1745
0.21295	0.1745	0.307784	0.1745	-0.520729	0.1745	0.212936	0.1745	0.307796	0.1745	-0.520727	0.1745	0.212922	0.1745	0.307809	0.1745
-0.108882	0.1745	0.497981	0.1745	-0.389091	0.1745	-0.108897	0.1745	0.497986	0.1745	-0.38908	0.1745	-0.108912	0.1745	0.49799	0.1745
-0.389124	0.1745	0.497965	0.1745	-0.108833	0.1745	-0.389134	0.1745	0.497961	0.1745	-0.108818	0.1745	-0.389145	0.1745	0.497956	0.1745
-0.520734	0.1745	0.307743	0.1745	0.212996	0.1745	-0.520735	0.1745	0.307731	0.1745	0.21301	0.1745	-0.520737	0.1745	0.307718	0.1745
-0.45344	0.1745	-2.69261e-05	0.1745	0.453467	0.1745	-0.453432	0.1745	-4.23124e-05	0.1745	0.453475	0.1745	-0.453425	0.1745	-5.76987e-05	0.1745
-0.212947	0.1745	-0.307787	0.1745	0.520728	0.1745	-0.212933	0.1745	-0.307799	0.1745	0.520727	0.1745	-0.212919	0.1745	-0.307812	0.1745
0.108885	0.1745	-0.497982	0.1745	0.389088	0.1745	0.1089	0.1745	-0.497987	0.1745	0.389078	0.1745	0.108915	0.1745	-0.497991	0.1745
0.389127	0.1745	-0.497964	0.1745	0.108829	0.1745	0.389137	0.1745	-0.497959	0.1745	0.108814	0.1745	0.389147	0.1745	-0.497955	0.1745
0.520734	0.1745	-0.30774	0.1745	-0.212999	0.1745	0.520736	0.1745	-0.307728	0.1745	-0.213013	0.1745	0.520737	0.1745	-0.307715	0.1745
0.453438	0.1745	3.07726e-05	0.1745	-0.453469	0.1745	0.45343	0.1745	4.6159e-05	0.1745	-0.453477	0.1745	0.453423	0.1745	6.15453e-05	0.1745
0.212943	0.1745	0.30779	0.1745	-0.520728	0.1745	0.212929	0.1745	0.307802	0.1745	-0.520726	0.1745	0.212915	0.1745	0.307815	0.1745
-0.108889	0.1745	0.497983	0.1745	-0.389086	0.1745	-0.108904	0.1745	0.497988	0.1745	-0.389075	0.1745	-0.108919	0.1745	0.497993	0.1745
-0.389129	0.1745	0.497963	0.1745	-0.108825	0.1745	-0.38914	0.1745	0.497958	0.1745	-0.10881	0.1745	-0.38915	0.1745	0.497953	0.1745
-0.520735	0.1745	0.307737	0.1745	0.213003	0.1745	-0.520736	0.1745	0.307725	0.1745	0.213017	0.1745	-0.520738	0.1745	0.307712	0.1745
-0.453436	0.1745	-3.46192e-05	0.1745	0.453471	0.1745	-0.453428	0.1745	-5.00055e-05	0.1745	0.453478	0.1745	-0.453421	0.1745	-6.53919e-05	0.1745
-0.21294	0.1745	-0.307793	0.1745	0.520727	0.1745	-0.212926	0.1745	-0.307805	0.1745	0.520726	0.1745	-0.212912	0.1745	-0.307818	0.1745
0.108893	0.1745	-0.497984	0.1745	0.389083	0.1745	0.108908	0.1745	-0.497989	0.1745	0.389073	0.1745	0.108923	0.1745	-0.497994	0.1745
0.389132	0.1745	-0.497962	0.1745	0.108821	0.1745	0.389142	0.1745	-0.497957	0.1745	0.108806	0.1745	0.389152	0.1745	-0.497952	0.1745
0.520735	0.1745	-0.307734	0.1745	-0.213006	0.1745	0.520737	0.1745	-0.307721	0.1745	-0.21302	0.1745	0.520738	0.1745	-0.307709	0.1745
0.520735	0.1745	-0.307734	0.1745	-0.213006	0.1745	0.520737	0.1745	-0.307721	0.1745	-0.21302	0.1745	0.520738	0.1745	-0.307709	0.1745
0.520735	0.1745	-0.307734	0.1745	-0.213006	0.1745	0.520737	0.1745	-0.307721	0.1745	-0.21302	0.1745	0.520738	0.1745	-0.307709	0.1745
0.520735	0.1745	-0.307734	0.1745	-0.213006	0.1745	0.520737	0.1745	-0.307721	0.1745	-0.21302	0.1745	0.520738	0.1745	-0.307709	0.1745
0.520735	0.1745	-0.307734	0.1745	-0.213006	0.1745	0.520737	0.1745	-0.307721	0.1745	-0.21302	0.1745	0.520738	0.1745	-0.307709	0.1745
0.520735	0.1745	-0.307734	0.1745	-0.213006	0.1745	0.520737	0.1745	-0.307721	0.1745	-0.21302	0.1745	0.520738	0.1745	-0.307709	0.1745
0.520735	0.1745	-0.307734	0.1745	-0.213006	0.1745	0.520737	0.1745	-0.307721	0.1745	-0.21302	0.1745	0.520738	0.1745	-0.307709	0.1745
0.520735	0.1745	-0.307734	0.1745	-0.213006	0.1745	0.520737	0.1745	-0.307721	0.1745	-0.21302	0.1745	0.520738	0.1745	-0.307709	0.1745
0.520735	0.1745	-0.307734	0.1745	-0.213006	0.1745	0.520737	0.1745	-0.307721	0.1745	-0.21302	0.1745	0.520738	0.1745	-0.307709	0.1745
0.520735	0.1745	-0.307734	0.1745	-0.213006	0.1745	0.520737	0.1745	-0.307721	0.1745	-0.21302	0.1745	0.520738	0.1745	-0.307709	0.1745
0.520735	0.1745	-0.307734	0.1745	-0.213006	0.1745	0.520737	0.1745	-0.307721	0.1745	-0.21302	0.1745	0.520738	0.1745	-0.307709	0.1745
0.45345	0.1745	7.69316e-06	0.1745	-0.453457	0.1745	0.453442	0.1745	2.30795e-05	0.1745	-0.453465	0.1745	0.453434	0.1745	3.84658e-05	0.1745
0.520732	0.1745	-0.307759	0.1745	-0.212978	0.1745	0.520733	0.1745	-0.307746	0.1745	-0.212992	0.1745	0.520735	0.1745	-0.307734	0.1745
0.389111	0.1745	-0.497971	0.1745	0.108852	0.1745	0.389122	0.1745	-0.497967	0.1745	0.108836	0.1745	0.389132	0.1745	-0.497962	0.1745
0.108863	0.1745	-0.497975	0.1745	0.389104	0.1745	0.108878	0.1745	-0.49798	0.1745	0.389093	0.1745	0.108893	0.1745	-0.497984	0.1745
-0.212968	0.1745	-0.307768	0.1745	0.520731	0.1745	-0.212954	0.1745	-0.307781	0.1745	0.520729	0.1745	-0.21294	0.1745	-0.307793	0.1745
-0.453452	0.1745	-3.84658e-06	0.1745	0.453455	0.1745	-0.453444	0.1745	-1.92329e-05	0.1745	0.453463	0.1745	-0.453436	0.1745	-3.46192e-05	0.1745
-0.520731	0.1745	0.307762	0.1745	0.212975	0.1745	-0.520733	0.1745	0.307749	0.1745	0.212989	0.1745	-0.520735	0.1745	0.307737	0.1745
-0.389109	0.1745	0.497972	0.1745	-0.108855	0.1745	-0.389119	0.1745	0.497968	0.1745	-0.10884	0.1745	-0.389129	0.1745	0.497963	0.1745
-0.108859	0.1745	0.497974	0.1745	-0.389106	0.1745	-0.108874	0.1745	0.497978	0.1745	-0.389096	0.1745	-0.108889	0.1745	0.497983	0.1745
0.212971	0.1745	0.307765	0.1745	-0.520731	0.1745	0.212957	0.1745	0.307777	0.1745	-0.520729	0.1745	0.212943	0.1745	0.30779	0.1745
0.453453	0.1745	-9.99131e-17	0.1745	-0.453453	0.1745	0.453446	0.1745	1.53863e-05	0.1745	-0.453461	0.1745	0.453438	0.1745	3.07726e-05	0.1745
0.520731	0.1745	-0.307765	0.1745	-0.212971	0.1745	0.520733	0.1745	-0.307753	0.1745	-0.212985	0.1745	0.520734	0.1745	-0.30774	0.1745
0.389106	0.1745	-0.497974	0.1745	0.108859	0.1745	0.389116	0.1745	-0.497969	0.1745	0.108844	0.1745	0.389127	0.1745	-0.497964	0.1745
0.108855	0.1745	-0.497972	0.1745	0.389109	0.1745	0.10887	0.1745	-0.497977	0.1745	0.389098	0.1745	0.108885	0.1745	-0.497982	0.1745
-0.212975	0.1745	-0.307762	0.1745	0.520731	0.1745	-0.212961	0.1745	-0.307774	0.1745	0.52073	0.1745	-0.212947	0.1745	-0.307787	0.1745
-0.453455	0.1745	3.84658e-06	0.1745	0.453452	0.1745	-0.453448	0.1745	-1.15397e-05	0.1745	0.453459	0.1745	-0.45344	0.1745	-2.69261e-05	0.1745
-0.520731	0.1745	0.307768	0.1745	0.212968	0.1745	-0.520732	0.1745	0.307756	0.1745	0.212982	0.1745	-0.520734	0.1745	0.307743	0.1745
-0.389104	0.1745	0.497975	0.1745	-0.108863	0.1745	-0.389114	0.1745	0.49797	0.1745	-0.108848	0.1745	-0.389124	0.1745	0.497965	0.1745
-0.108852	0.1745	0.497971	0.1745	-0.389111	0.1745	-0.108867	0.1745	0.497976	0.1745	-0.389101	0.1745	-0.108882	0.1745	0.497981	0.1745
0.212978	0.1745	0.307759	0.1745	-0.520732	0.1745	0.212964	0.1745	0.307771	0.1745	-0.52073	0.1745	0.21295	0.1745	0.307784	0.1745
0.453457	0.1745	-7.69316e-06	0.1745	-0.45345	0.1745	0.45345	0.1745	7.69316e-06	0.1745	-0.453457	0.1745	0.453442	0.1745	2.30795e-05	0.1745
0.52073	0.1745	-0.307771	0.1745	-0.212964	0.1745	0.520732	0.1745	-0.307759	0.1745	-0.212978	0.1745	0.520733	0.1745	-0.307746	0.1745
0.389101	0.1745	-0.497976	0.1745	0.108867	0.1745	0.389111	0.1745	-0.497971	0.1745	0.108852	0.1745	0.389122	0.1745	-0.497967	0.1745
0.108848	0.1745	-0.49797	0.1745	0.389114	0.1745	0.108863	0.1745	-0.497975	0.1745	0.389104	0.1745	0.108878	0.1745	-0.49798	0.1745
-0.212982	0.1745	-0.307756	0.1745	0.520732	0.1745	-0.212968	0.1745	-0.307768	0.1745	0.520731	0.1745	-0.212954	0.1745	-0.307781	0.1745
-0.453459	0.1745	1.15397e-05	0.1745	0.453448	0.1745	-0.453452	0.1745	-3.84658e-06	0.1745	0.453455	0.1745	-0.453444	0.1745	-1.92329e-05	0.1745
-0.52073	0.1745	0.307774	0.1745	0.212961	0.1745	-0.520731	0.1745	0.307762	0.1745	0.212975	0.1745	-0.520733	0.1745	0.307749	0.1745
-0.389098	0.1745	0.497977	0.1745	-0.10887	0.1745	-0.389109	0.1745	0.497972	0.1745	-0.108855	0.1745	-0.389119	0.1745	0.497968	0.1745
-0.108844	0.1745	0.497969	0.1745	-0.389116	0.1745	-0.108859	0.1745	0.497974	0.1745	-0.389106	0.1745	-0.108874	0.1745	0.497978	0.1745
0.212985	0.1745	0.307753	0.1745	-0.520733	0.1745	0.212971	0.1745	0.307765	0.1745	-0.520731	0.1745	0.212957	0.1745	0.307777	0.1745
0.453461	0.1745	-1.53863e-05	0.1745	-0.453446	0.1745	0.453453	0.1745	-4.8476e-15	0.1745	-0.453453	0.1745	0.453446	0.1745	1.53863e-05	0.1745
0.520729	0.1745	-0.307777	0.1745	-0.212957	0.1745	0.520731	0.1745	-0.307765	0.1745	-0.212971	0.1745	0.520733	0.1745	-0.307753	0.1745
0.389096	0.1745	-0.497978	0.1745	0.108874	0.1745	0.389106	0.1745	-0.497974	0.1745	0.108859	0.1745	0.389116	0.1745	-0.497969	0.1745
0.10884	0.1745	-0.497968	0.1745	0.389119	0.1745	0.108855	0.1745	-0.497972	0.1745	0.389109	0.1745	0.10887	0.1745	-0.497977	0.1745
-0.212989	0.1745	-0.307749	0.1745	0.520733	0.1745	-0.212975	0.1745	-0.307762	0.1745	0.520731	0.1745	-0.212961	0.1745	-0.307774	0.1745
-0.453463	0.1745	1.92329e-05	0.1745	0.453444	0.1745	-0.453455	0.1745	3.84658e-06	0.1745	0.453452	0.1745	-0.453448	0.1745	-1.15397e-05	0.1745
-0.520729	0.1745	0.307781	0.1745	0.212954	0.1745	-0.520731	0.1745	0.307768	0.1745	0.212968	0.1745	-0.520732	0.1745	0.307756	0.1745
-0.389093	0.1745	0.49798	0.1745	-0.108878	0.1745	-0.389104	0.1745	0.497975	0.1745	-0.108863	0.1745	-0.389114	0.1745	0.49797	0.1745
-0.108836	0.1745	0.497967	0.1745	-0.389122	0.1745	-0.108852	0.1745	0.497971	0.1745	-0.389111	0.1745	-0.108867	0.1745	0.497976	0.1745
0.212992	0.1745	0.307746	0.1745	-0.520733	0.1745	0.212978	0.1745	0.307759	0.1745	-0.520732	0.1745	0.212964	0.1745	0.307771	0.1745
0.212992	0.1745	0.307746	0.1745	-0.520733	0.1745	0.212978	0.1745	0.307759	0.1745	-0.520732	0.1745	0.212964	0.1745	0.307771	0.1745
0.212992	0.1745	0.307746	0.1745	-0.520733	0.1745	0.212978	0.1745	0.307759	0.1745	-0.520732	0.1745	0.212964	0.1745	0.307771	0.1745
0.212992	0.1745	0.307746	0.1745	-0.520733	0.1745	0.212978	0.1745	0.307759	0.1745	-0.520732	0.1745	0.212964	0.1745	0.307771	0.1745
0.212992	0.1745	0.307746	0.1745	-0.520733	0.1745	0.212978	0.1745	0.307759	0.1745	-0.520732	0.1745	0.212964	0.1745	0.307771	0.1745
0.212992	0.1745	0.307746	0.1745	-0.520733	0.1745	0.212978	0.1745	0.307759	0.1745	-0.520732	0.1745	0.212964	0.1745	0.307771	0.1745
0.212992	0.1745	0.307746	0.1745	-0.520733	0.1745	0.212978	0.1745	0.307759	0.1745	-0.520732	0.1745	0.212964	0.1745	0.307771	0.1745
0.212992	0.1745	0.307746	0.1745	-0.520733	0.1745	0.212978	0.1745	0.307759	0.1745	-0.520732	0.1745	0.212964	0.1745	0.307771	0.1745
0.212992	0.1745	0.307746	0.1745	-0.520733	0.1745	0.212978	0.1745	0.307759	0.1745	-0.520732	0.1745	0.212964	0.1745	0.307771	0.1745
0.212992	0.1745	0.307746	0.1745	-0.520733	0.1745	0.212978	0.1745	0.307759	0.1745	-0.520732	0.1745	0.212964	0.1745	0.307771	0.1745
0.212992	0.1745	0.307746	0.1745	-0.520733	0.1745	0.212978	0.1745	0.307759	0.1745	-0.520732	0.1745	0.212964	0.1745	0.307771	0.1745
