16	0.1	r
0.168554	0.604573	0.123389	0.604571	-0.0451653	-5.12853e-06	-0.168555	-0.604576	-0.123389	-0.604568	0.0451665	1.02571e-05	0.168555	0.604578	0.123388	0.604565
0.174261	0.682844	0.0792219	0.467122	-0.0950393	-0.215723	-0.174261	-0.682845	-0.0792208	-0.467119	0.0950404	0.215728	0.174261	0.682846	0.0792196	0.467115
0.162911	0.694277	0.0273001	0.283952	-0.135611	-0.410327	-0.16291	-0.694276	-0.0272988	-0.283947	0.135612	0.410331	0.16291	0.694276	0.0272975	0.283942
0.135615	0.637753	-0.027294	0.0729872	-0.162909	-0.564766	-0.135614	-0.637751	0.0272952	-0.0729821	0.162909	0.564769	0.135613	0.637749	-0.0272965	0.072977
0.0950445	0.518806	-0.0792164	-0.145121	-0.174261	-0.663926	-0.0950434	-0.518802	0.0792176	0.145126	0.174261	0.663928	0.0950423	0.518799	-0.0792187	-0.145131
0.0451712	0.349077	-0.123385	-0.349025	-0.168556	-0.6981	-0.04517	-0.349072	0.123386	0.349029	0.168555	0.6981	0.0451687	0.349068	-0.123387	-0.349034
-0.00912347	0.145179	-0.155477	-0.518766	-0.146353	-0.663943	0.00912475	-0.145174	0.155477	0.518769	0.146352	0.663941	-0.00912603	0.145169	-0.155478	-0.518773
-0.0625251	-0.072928	-0.17235	-0.637729	-0.109824	-0.564798	0.0625263	0.0729331	0.17235	0.637731	0.109823	0.564795	-0.0625275	-0.0729382	-0.17235	-0.637733
-0.109807	-0.283897	-0.172353	-0.694271	-0.062546	-0.410371	0.109808	0.283902	0.172353	0.694271	0.0625448	0.410366	-0.109809	-0.283907	-0.172353	-0.694272
-0.14634	-0.467078	-0.155487	-0.682856	-0.00914577	-0.215775	0.146341	0.467082	0.155486	0.682855	0.00914449	0.21577	-0.146342	-0.467086	-0.155486	-0.682854
-0.16855	-0.604541	-0.123401	-0.604603	0.0451496	-5.95529e-05	0.16855	0.604543	0.1234	0.6046	-0.0451509	5.44244e-05	-0.168551	-0.604546	-0.123399	-0.604598
-0.174262	-0.68283	-0.0792363	-0.46717	0.0950258	0.215662	0.174262	0.682831	0.0792352	0.467167	-0.0950268	-0.215667	-0.174262	-0.682833	-0.079234	-0.467163
-0.162917	-0.694284	-0.027316	-0.284011	0.135601	0.410274	0.162916	0.694283	0.0273148	0.284006	-0.135601	-0.410278	-0.162916	-0.694283	-0.0273135	-0.284001
-0.135625	-0.63778	0.027278	-0.0730515	0.162903	0.564728	0.135624	0.637777	-0.0272793	0.0730464	-0.162903	-0.564731	-0.135623	-0.637775	0.0272805	-0.0730413
-0.095058	-0.518849	0.079202	0.145058	0.17426	0.663906	0.095057	0.518845	-0.0792032	-0.145063	-0.17426	-0.663908	-0.0950559	-0.518842	0.0792043	0.145068
-0.0451868	-0.349133	0.123374	0.348969	0.16856	0.6981	0.0451856	0.349128	-0.123375	-0.348973	-0.16856	-0.6981	-0.0451844	-0.349124	0.123375	0.348978
0.00910732	-0.145243	0.155469	0.518722	0.146361	0.663963	-0.0091086	0.145238	-0.15547	-0.518726	-0.146361	-0.663961	0.00910988	-0.145233	0.15547	0.518729
0.06251	0.0728637	0.172347	0.637703	0.109837	0.564836	-0.0625112	-0.0728688	-0.172348	-0.637705	-0.109836	-0.564833	0.0625124	0.0728739	0.172348	0.637707
0.109794	0.283838	0.172356	0.694264	0.0625611	0.410423	-0.109795	-0.283843	-0.172356	-0.694264	-0.0625599	-0.410419	0.109796	0.283847	0.172356	0.694265
0.146332	0.46703	0.155494	0.68287	0.00916191	0.215837	-0.146332	-0.467034	-0.155494	-0.682869	-0.00916063	-0.215832	0.146333	0.467038	0.155493	0.682868
0.168546	0.604508	0.123412	0.604635	-0.045134	0.000124234	-0.168546	-0.604511	-0.123411	-0.604633	0.0451353	-0.000119106	0.168546	0.604514	0.123411	0.60463
0.174263	0.682817	0.0792507	0.467218	-0.0950122	-0.2156	-0.174263	-0.682818	-0.0792496	-0.467215	0.0950133	0.215605	0.174262	0.682819	0.0792485	0.467211
0.162922	0.69429	0.027332	0.28407	-0.13559	-0.410222	-0.162922	-0.69429	-0.0273307	-0.284065	0.135591	0.410226	0.162921	0.694289	0.0273295	0.28406
0.135635	0.637806	-0.027262	0.0731159	-0.162897	-0.56469	-0.135634	-0.637804	0.0272633	-0.0731108	0.162897	0.564693	0.135633	0.637802	-0.0272646	0.0731057
0.0950716	0.518892	-0.0791876	-0.144995	-0.174259	-0.663886	-0.0950705	-0.518889	0.0791888	0.145	0.174259	0.663888	0.0950695	0.518885	-0.0791899	-0.145005
0.0452024	0.349189	-0.123362	-0.348913	-0.168564	-0.6981	-0.0452012	-0.349184	0.123363	0.348917	0.168564	0.6981	0.0452	0.34918	-0.123364	-0.348922
-0.00909118	0.145306	-0.155462	-0.518679	-0.14637	-0.663983	0.00909246	-0.145301	0.155463	0.518683	0.146369	0.663981	-0.00909374	0.145296	-0.155463	-0.518686
-0.0624949	-0.0727993	-0.172345	-0.637676	-0.109849	-0.564874	0.0624961	0.0728044	0.172345	0.637679	0.109848	0.564871	-0.0624973	-0.0728095	-0.172345	-0.637681
-0.109782	-0.283779	-0.172359	-0.694257	-0.0625762	-0.410475	0.109783	0.283784	0.172358	0.694258	0.062575	0.410471	-0.109784	-0.283788	-0.172358	-0.694258
-0.146323	-0.466982	-0.155501	-0.682883	-0.00917806	-0.215898	0.146323	0.466986	0.155501	0.682882	0.00917678	0.215893	-0.146324	-0.46699	-0.1555	-0.682881
-0.168542	-0.604476	-0.123424	-0.604668	0.0451184	-0.000188916	0.168542	0.604479	0.123423	0.604665	-0.0451197	0.000183787	-0.168542	-0.604481	-0.123422	-0.604662
-0.174263	-0.682803	-0.0792651	-0.467267	0.0949986	0.215539	0.174263	0.682805	0.079264	0.467263	-0.0949997	-0.215544	-0.174263	-0.682806	-0.0792629	-0.467259
-0.162928	-0.694297	-0.027348	-0.284129	0.13558	0.41017	0.162928	0.694297	0.0273467	0.284124	-0.135581	-0.410174	-0.162927	-0.694296	-0.0273454	-0.284119
-0.135645	-0.637832	0.0272461	-0.0731802	0.162891	0.564652	0.135644	0.63783	-0.0272473	0.0731751	-0.162892	-0.564655	-0.135644	-0.637828	0.0272486	-0.07317
-0.0950852	-0.518935	0.0791732	0.144931	0.174258	0.663866	0.0950841	0.518932	-0.0791744	-0.144936	-0.174258	-0.663868	-0.095083	-0.518929	0.0791755	0.144941
-0.0452181	-0.349245	0.123351	0.348857	0.168568	0.6981	0.0452168	0.34924	-0.123352	-0.348861	-0.168568	-0.6981	-0.0452156	-0.349236	0.123353	0.348866
0.00907503	-0.145369	0.155455	0.518636	0.146379	0.664003	-0.00907631	0.145364	-0.155455	-0.518639	-0.146378	-0.664001	0.00907759	-0.145359	0.155456	0.518643
0.0624799	0.072735	0.172342	0.63765	0.109862	0.564912	-0.0624811	-0.0727401	-0.172343	-0.637652	-0.109861	-0.564909	0.0624822	0.0727452	0.172343	0.637654
0.109769	0.28372	0.172361	0.69425	0.0625913	0.410528	-0.10977	-0.283725	-0.172361	-0.694251	-0.0625901	-0.410523	0.109771	0.283729	0.172361	0.694251
0.146314	0.466934	0.155509	0.682897	0.00919421	0.21596	-0.146315	-0.466938	-0.155508	-0.682895	-0.00919293	-0.215955	0.146315	0.466941	0.155508	0.682894
0.146314	0.466934	0.155509	0.682897	0.00919421	0.21596	-0.146315	-0.466938	-0.155508	-0.682895	-0.00919293	-0.215955	0.146315	0.466941	0.155508	0.682894
0.146314	0.466934	0.155509	0.682897	0.00919421	0.21596	-0.146315	-0.466938	-0.155508	-0.682895	-0.00919293	-0.215955	0.146315	0.466941	0.155508	0.682894
0.146314	0.466934	0.155509	0.682897	0.00919421	0.21596	-0.146315	-0.466938	-0.155508	-0.682895	-0.00919293	-0.215955	0.146315	0.466941	0.155508	0.682894
0.146314	0.466934	0.155509	0.682897	0.00919421	0.21596	-0.146315	-0.466938	-0.155508	-0.682895	-0.00919293	-0.215955	0.146315	0.466941	0.155508	0.682894
0.146314	0.466934	0.155509	0.682897	0.00919421	0.21596	-0.146315	-0.466938	-0.155508	-0.682895	-0.00919293	-0.215955	0.146315	0.466941	0.155508	0.682894
0.146314	0.466934	0.155509	0.682897	0.00919421	0.21596	-0.146315	-0.466938	-0.155508	-0.682895	-0.00919293	-0.215955	0.146315	0.466941	0.155508	0.682894
0.146314	0.466934	0.155509	0.682897	0.00919421	0.21596	-0.146315	-0.466938	-0.155508	-0.682895	-0.00919293	-0.215955	0.146315	0.466941	0.155508	0.682894
0.146314	0.466934	0.155509	0.682897	0.00919421	0.21596	-0.146315	-0.466938	-0.155508	-0.682895	-0.00919293	-0.215955	0.146315	0.466941	0.155508	0.682894
0.146314	0.466934	0.155509	0.682897	0.00919421	0.21596	-0.146315	-0.466938	-0.155508	-0.682895	-0.00919293	-0.215955	0.146315	0.466941	0.155508	0.682894
0.146314	0.466934	0.155509	0.682897	0.00919421	0.21596	-0.146315	-0.466938	-0.155508	-0.682895	-0.00919293	-0.215955	0.146315	0.466941	0.155508	0.682894
0.168554	0.604573	0.123389	0.604571	-0.0451653	-5.12853e-06	-0.168555	-0.604576	-0.123389	-0.604568	0.0451665	1.02571e-05	0.168555	0.604578	0.123388	0.604565
0.146349	0.467126	0.155479	0.682843	0.00912962	0.215714	-0.14635	-0.46713	-0.155479	-0.682842	-0.00912834	-0.215709	0.146351	0.467134	0.155478	0.682841
0.109819	0.283956	0.172351	0.694277	0.0625309	0.410318	-0.10982	-0.283961	-0.172351	-0.694278	-0.0625297	-0.410314	0.109821	0.283966	0.172351	0.694279
0.0625402	0.0729923	0.172353	0.637755	0.109812	0.56476	-0.0625414	-0.0729974	-0.172353	-0.637757	-0.109811	-0.564757	0.0625426	0.0730025	0.172353	0.63776
0.00913962	-0.145116	0.155484	0.518809	0.146344	0.663923	-0.0091409	0.145111	-0.155485	-0.518812	-0.146343	-0.663921	0.00914218	-0.145106	0.155485	0.518816
-0.0451556	-0.349021	0.123397	0.349081	0.168552	0.6981	0.0451544	0.349016	-0.123397	-0.349085	-0.168551	-0.6981	-0.0451531	-0.349012	0.123398	0.34909
-0.0950309	-0.518762	0.0792308	0.145184	0.174261	0.663946	0.0950299	0.518759	-0.079232	-0.145189	-0.174262	-0.663948	-0.0950288	-0.518755	0.0792331	0.145194
-0.135605	-0.637727	0.0273099	-0.0729229	0.162914	0.564804	0.135604	0.637725	-0.0273112	0.0729178	-0.162915	-0.564807	-0.135603	-0.637723	0.0273125	-0.0729127
-0.162905	-0.69427	-0.0272841	-0.283892	0.135621	0.410379	0.162904	0.69427	0.0272828	0.283888	-0.135622	-0.410383	-0.162904	-0.694269	-0.0272816	-0.283883
-0.17426	-0.682857	-0.0792075	-0.467074	0.0950529	0.215785	0.17426	0.682858	0.0792064	0.46707	-0.095054	-0.21579	-0.17426	-0.682859	-0.0792052	-0.467067
-0.168558	-0.604606	-0.123378	-0.604538	0.0451809	6.981e-05	0.168559	0.604608	0.123377	0.604536	-0.0451821	-7.49385e-05	-0.168559	-0.604611	-0.123376	-0.604533
-0.146358	-0.467174	-0.155472	-0.682829	-0.00911348	-0.215652	0.146359	0.467178	0.155472	0.682828	0.0091122	0.215647	-0.146359	-0.467182	-0.155471	-0.682827
-0.109832	-0.284015	-0.172348	-0.694284	-0.0625158	-0.410266	0.109833	0.28402	0.172348	0.694285	0.0625146	0.410262	-0.109834	-0.284025	-0.172348	-0.694285
-0.0625553	-0.0730566	-0.172355	-0.637782	-0.109799	-0.564722	0.0625565	0.0730617	0.172355	0.637784	0.109798	0.564719	-0.0625577	-0.0730668	-0.172355	-0.637786
-0.00915576	0.145053	-0.155491	-0.518852	-0.146335	-0.663903	0.00915704	-0.145048	0.155492	0.518856	0.146334	0.663901	-0.00915832	0.145043	-0.155493	-0.518859
0.04514	0.348964	-0.123408	-0.349137	-0.168547	-0.6981	-0.0451387	-0.34896	0.123409	0.349141	0.168547	0.6981	0.0451375	0.348956	-0.12341	-0.349146
0.0950174	0.518719	-0.0792452	-0.145248	-0.174262	-0.663966	-0.0950163	-0.518716	0.0792464	0.145253	0.174262	0.663968	0.0950152	0.518712	-0.0792475	-0.145258
0.135594	0.637701	-0.0273259	0.0728586	-0.16292	-0.564842	-0.135594	-0.637699	0.0273272	-0.0728535	0.162921	0.564845	0.135593	0.637696	-0.0273284	0.0728484
0.162899	0.694263	0.0272681	0.283833	-0.135631	-0.410431	-0.162899	-0.694263	-0.0272669	-0.283829	0.135632	0.410435	0.162898	0.694262	0.0272656	0.283824
0.174259	0.682871	0.0791931	0.467026	-0.0950664	-0.215847	-0.174259	-0.682872	-0.079192	-0.467022	0.0950675	0.215851	0.174259	0.682873	0.0791908	0.467019
0.168563	0.604638	0.123367	0.604506	-0.0451965	-0.000134491	-0.168563	-0.60464	-0.123366	-0.604503	0.0451977	0.00013962	0.168563	0.604643	0.123365	0.604501
0.146367	0.467222	0.155465	0.682816	0.00909733	0.215591	-0.146367	-0.467226	-0.155464	-0.682815	-0.00909605	-0.215586	0.146368	0.46723	0.155464	0.682814
0.109844	0.284074	0.172346	0.694291	0.0625007	0.410214	-0.109845	-0.284079	-0.172346	-0.694291	-0.0624995	-0.410209	0.109846	0.284084	0.172345	0.694292
0.0625704	0.073121	0.172358	0.637808	0.109786	0.564684	-0.0625716	-0.0731261	-0.172358	-0.63781	-0.109785	-0.564681	0.0625728	0.0731312	0.172358	0.637812
0.00917191	-0.14499	0.155499	0.518896	0.146326	0.663883	-0.00917319	0.144985	-0.155499	-0.518899	-0.146325	-0.663881	0.00917447	-0.14498	0.1555	0.518902
-0.0451244	-0.348908	0.123419	0.349193	0.168543	0.6981	0.0451231	0.348904	-0.12342	-0.349197	-0.168543	-0.6981	-0.0451219	-0.3489	0.123421	0.349202
-0.0950038	-0.518676	0.0792597	0.145311	0.174263	0.663986	0.0950027	0.518672	-0.0792608	-0.145316	-0.174263	-0.663988	-0.0950017	-0.518669	0.0792619	0.145321
-0.135584	-0.637674	0.0273419	-0.0727942	0.162926	0.56488	0.135583	0.637672	-0.0273431	0.0727891	-0.162926	-0.564883	-0.135583	-0.63767	0.0273444	-0.072784
-0.162893	-0.694257	-0.0272522	-0.283774	0.135641	0.410484	0.162893	0.694256	0.0272509	0.28377	-0.135642	-0.410488	-0.162892	-0.694256	-0.0272496	-0.283765
-0.174258	-0.682884	-0.0791787	-0.466978	0.09508	0.215908	0.174258	0.682885	0.0791776	0.466974	-0.0950811	-0.215913	-0.174258	-0.682886	-0.0791764	-0.46697
-0.168567	-0.60467	-0.123355	-0.604474	0.0452121	0.000199173	0.168567	0.604673	0.123354	0.604471	-0.0452134	-0.000204301	-0.168567	-0.604675	-0.123353	-0.604468
-0.146376	-0.46727	-0.155457	-0.682802	-0.00908118	-0.215529	0.146376	0.467274	0.155457	0.682801	0.0090799	0.215524	-0.146377	-0.467278	-0.155456	-0.6828
-0.109857	-0.284133	-0.172343	-0.694298	-0.0624856	-0.410161	0.109858	0.284138	0.172343	0.694298	0.0624844	0.410157	-0.109859	-0.284143	-0.172343	-0.694299
-0.0625855	-0.0731853	-0.17236	-0.637834	-0.109774	-0.564646	0.0625867	0.0731904	0.17236	0.637836	0.109773	0.564643	-0.0625879	-0.0731955	-0.172361	-0.637838
-0.00918805	0.144926	-0.155506	-0.518939	-0.146317	-0.663863	0.00918933	-0.144921	0.155507	0.518942	0.146317	0.663861	-0.00919061	0.144916	-0.155507	-0.518946
0.0451087	0.348852	-0.123431	-0.349249	-0.168539	-0.6981	-0.0451075	-0.348848	0.123432	0.349253	0.168539	0.6981	0.0451063	0.348844	-0.123433	-0.349258
0.0949902	0.518632	-0.0792741	-0.145374	-0.174264	-0.664006	-0.0949892	-0.518629	0.0792752	0.145379	0.174264	0.664008	0.0949881	0.518626	-0.0792763	-0.145384
0.135574	0.637648	-0.0273578	0.0727299	-0.162932	-0.564918	-0.135573	-0.637646	0.0273591	-0.0727248	0.162932	0.564921	0.135572	0.637644	-0.0273604	0.0727197
0.162888	0.69425	0.0272362	0.283715	-0.135652	-0.410536	-0.162887	-0.694249	-0.0272349	-0.28371	0.135652	0.41054	0.162887	0.694249	0.0272336	0.283706
0.174258	0.682898	0.0791643	0.46693	-0.0950936	-0.21597	-0.174257	-0.682899	-0.0791632	-0.466926	0.0950946	0.215974	0.174257	0.6829	0.079162	0.466922
0.174258	0.682898	0.0791643	0.46693	-0.0950936	-0.21597	-0.174257	-0.682899	-0.0791632	-0.466926	0.0950946	0.215974	0.174257	0.6829	0.079162	0.466922
0.174258	0.682898	0.0791643	0.46693	-0.0950936	-0.21597	-0.174257	-0.682899	-0.0791632	-0.466926	0.0950946	0.215974	0.174257	0.6829	0.079162	0.466922
0.174258	0.682898	0.0791643	0.46693	-0.0950936	-0.21597	-0.174257	-0.682899	-0.0791632	-0.466926	0.0950946	0.215974	0.174257	0.6829	0.079162	0.466922
0.174258	0.682898	0.0791643	0.46693	-0.0950936	-0.21597	-0.174257	-0.682899	-0.0791632	-0.466926	0.0950946	0.215974	0.174257	0.6829	0.079162	0.466922
0.174258	0.682898	0.0791643	0.46693	-0.0950936	-0.21597	-0.174257	-0.682899	-0.0791632	-0.466926	0.0950946	0.215974	0.174257	0.6829	0.079162	0.466922
0.174258	0.682898	0.0791643	0.46693	-0.0950936	-0.21597	-0.174257	-0.682899	-0.0791632	-0.466926	0.0950946	0.215974	0.174257	0.6829	0.079162	0.466922
0.174258	0.682898	0.0791643	0.46693	-0.0950936	-0.21597	-0.174257	-0.682899	-0.0791632	-0.466926	0.0950946	0.215974	0.174257	0.6829	0.079162	0.466922
0.174258	0.682898	0.0791643	0.46693	-0.0950936	-0.21597	-0.174257	-0.682899	-0.0791632	-0.466926	0.0950946	0.215974	0.174257	0.6829	0.079162	0.466922
0.174258	0.682898	0.0791643	0.46693	-0.0950936	-0.21597	-0.174257	-0.682899	-0.0791632	-0.466926	0.0950946	0.215974	0.174257	0.6829	0.079162	0.466922
0.174258	0.682898	0.0791643	0.46693	-0.0950936	-0.21597	-0.174257	-0.682899	-0.0791632	-0.466926	0.0950946	0.215974	0.174257	0.6829	0.079162	0.466922
